h1        1    1   7.148276000000000E-01  0
h2        2    1   2.850346000000000E-05  0
he3       3    2   3.390406000000000E-05  0
he4       4    2   2.711182000000000E-01  0
li6       6    3   6.457444000000000E-10  0
li7       7    3   9.266293000000001E-09  0
be9       9    4   1.398447000000000E-10  0
b10      10    5   9.580268000000001E-10  0
b11      11    5   4.193495000000000E-09  0
c12      12    6   2.511872000000000E-03  0
c13      13    6   2.984500000000000E-05  0
n14      14    7   7.362742000000000E-04  0
n15      15    7   2.998545000000000E-06  0
o16      16    8   6.092536000000000E-03  0
o17      17    8   2.461744000000000E-06  0
o18      18    8   1.367944000000000E-05  0
f19      19    9   3.886273000000000E-07  0
ne20     20   10   1.235043000000000E-03  0
ne21     21   10   3.111059000000000E-06  0
ne22     22   10   9.841669000000000E-05  0
na23     23   11   3.329284000000000E-05  0
mg24     24   12   5.020612000000000E-04  0
mg25     25   12   6.584307000000000E-05  0
mg26     26   12   7.507558000000000E-05  0
al27     27   13   5.647847000000000E-05  0
si28     28   14   6.421200000000000E-04  0
si29     29   14   3.410845000000000E-05  0
si30     30   14   2.331082000000000E-05  0
p31      31   15   6.483509000000000E-06  0
s32      32   16   3.354185000000000E-04  0
s33      33   16   2.747605000000000E-06  0
s34      34   16   1.591785000000000E-05  0
s36      36   16   7.883542000000001E-08  2
cl35     35   17   3.503463000000000E-06  0
cl37     37   17   1.171163000000000E-06  0
ar36     36   18   5.980355000000000E-05  1
ar38     38   18   1.148613000000000E-05  0
ar40     40   18   1.916318000000000E-08  2
k39      39   19   3.399981000000000E-06  0
k40      40   19   5.526945000000000E-09  3
k41      41   19   2.589378000000000E-07  0
ca40     40   20   5.922019000000000E-05  1
ca42     42   20   4.108065000000000E-07  0
ca43     43   20   8.787554000000000E-08  0
ca44     44   20   1.392609000000000E-06  0
ca46     46   20   2.774193000000000E-09  2
ca48     48   20   1.354028000000000E-07  2
sc45     45   21   3.922862000000000E-08  0
ti46     46   22   2.416165000000000E-07  1
ti47     47   22   2.200230000000000E-07  0
ti48     48   22   2.246913000000000E-06  1
ti49     49   22   1.661690000000000E-07  0
ti50     50   22   1.619222000000000E-07  2
v50      50   23   8.898708000000000E-10  3
v51      51   23   3.613340000000000E-07  0
cr50     50   24   7.401458000000000E-07  1
cr52     52   24   1.466636000000000E-05  0
cr53     53   24   1.716348000000000E-06  0
cr54     54   24   4.292577000000000E-07  2
mn55     55   25   1.290296000000000E-05  0
fe54     54   26   6.961839000000000E-05  1
fe56     56   26   1.118148000000000E-03  0
fe57     57   26   2.668078000000000E-05  0
fe58     58   26   3.578856000000000E-06  2
co59     59   27   3.397631000000000E-06  0
ni58     58   28   4.827917000000000E-05  1
ni60     60   28   1.943328000000000E-05  0
ni61     61   28   8.622931000000000E-07  0
ni62     62   28   2.771441000000000E-06  0
ni64     64   28   7.353719999999999E-07  2
cu63     63   29   6.021035000000000E-07  0
cu65     65   29   2.774897000000000E-07  0
zn64     64   30   1.038760000000000E-06  1
zn66     66   30   6.164149000000000E-07  0
zn67     67   30   9.045203999999999E-08  0
zn68     68   30   4.196090000000000E-07  0
zn70     70   30   1.430377000000000E-08  2
ga69     69   31   3.883261000000000E-08  0
ga71     71   31   2.640059000000000E-08  0
ge70     70   32   4.319604000000000E-08  1
ge72     72   32   5.857043000000000E-08  0
ge73     73   32   1.673722000000000E-08  0
ge74     74   32   7.935697000000000E-08  2
ge76     76   32   1.702866000000000E-08  2
as75     75   33   1.162581000000000E-08  0
se74     74   34   1.120967000000000E-09  1
se76     76   34   1.205502000000000E-08  1
se77     77   34   9.927845000000000E-09  0
se78     78   34   3.180168000000000E-08  2
se80     80   34   6.814794000000000E-08  2
se82     82   34   1.213916000000000E-08  2
br79     79   35   1.066582000000000E-08  0
br81     81   35   1.068691000000000E-08  0
kr78     78   36   3.912615000000000E-10  1
kr80     80   36   2.590908000000000E-09  1
kr82     82   36   1.330980000000000E-08  1
kr83     83   36   1.316572000000000E-08  0
kr84     84   36   6.677866000000000E-08  2
kr86     86   36   2.064729000000000E-08  2
rb85     85   37   1.070987000000000E-08  0
rb87     87   37   4.465621000000000E-09  2
sr84     84   38   2.783862000000000E-10  1
sr86     86   38   4.952861000000000E-09  1
sr87     87   38   3.547156000000000E-09  1
sr88     88   38   4.313530000000000E-08  0
y89      89   39   1.022696000000000E-08  0
zr90     90   40   1.215062000000000E-08  0
zr91     91   40   2.687862000000000E-09  0
zr92     92   40   4.112970000000000E-09  2
zr94     94   40   4.300421000000000E-09  2
zr96     96   40   7.123153000000000E-10  2
nb93     93   41   1.857213000000000E-09  0
mo92     92   42   8.998371000000000E-10  1
mo94     94   42   5.801033000000000E-10  1
mo95     95   42   1.018847000000000E-09  0
mo96     96   42   1.078092000000000E-09  3
mo97     97   42   6.268548000000000E-10  0
mo98     98   42   1.627882000000000E-09  2
mo100   100   42   6.613238000000000E-10  2
ru96     96   44   2.358681000000000E-10  1
ru98     98   44   8.158725999999999E-11  1
ru99     99   44   5.702149000000001E-10  0
ru100   100   44   5.628595000000000E-10  1
ru101   101   44   7.668870000000000E-10  0
ru102   102   44   1.442145000000000E-09  2
ru104   104   44   8.658735000000000E-10  2
rh103   103   45   9.188715000000000E-10  0
pd102   102   46   3.622549000000000E-11  1
pd104   104   46   4.049940000000000E-10  1
pd105   105   46   8.158545000000000E-10  0
pd106   106   46   1.013273000000000E-09  2
pd108   108   46   9.859464000000000E-10  2
pd110   110   46   4.485741000000000E-10  2
ag107   107   47   6.757944000000000E-10  0
ag109   109   47   6.424850000000000E-10  0
cd106   106   48   5.317881000000000E-11  1
cd108   108   48   3.835787000000000E-11  1
cd110   110   48   5.518560000000000E-10  1
cd111   111   48   5.698546000000000E-10  0
cd112   112   48   1.070673000000000E-09  2
cd113   113   48   5.540221000000000E-10  2
cd114   114   48   1.310246000000000E-09  2
cd116   116   48   3.427026000000000E-10  2
in113   113   49   2.155389000000000E-11  1
in115   115   49   4.910784000000000E-10  2
sn112   112   50   9.992289000000000E-11  1
sn114   114   50   6.876232000000000E-11  1
sn115   115   50   3.557532000000000E-11  1
sn116   116   50   1.530757000000000E-09  1
sn117   117   50   8.291663000000000E-10  0
sn118   118   50   2.584258000000000E-09  0
sn119   119   50   9.247197000000000E-10  0
sn120   120   50   3.545221000000000E-09  2
sn122   122   50   5.209933000000000E-10  2
sn124   124   50   6.514873000000000E-10  2
sb121   121   51   5.536766000000000E-10  0
sb123   123   51   4.172371000000000E-10  2
te120   120   52   1.257911000000000E-11  1
te122   122   52   3.688338000000000E-10  1
te123   123   52   1.289387000000000E-10  1
te124   124   52   6.980674000000000E-10  3
te125   125   52   1.040864000000000E-09  0
te126   126   52   2.823926000000000E-09  2
te128   128   52   4.761041000000000E-09  2
te130   130   52   5.181388000000000E-09  2
i127    127   53   3.501814000000000E-09  0
xe124   124   54   2.060194000000000E-11  1
xe126   126   54   1.823294000000000E-11  1
xe128   128   54   3.781801000000000E-10  1
xe129   129   54   4.798276000000000E-09  0
xe130   130   54   7.663675000000000E-10  3
xe131   131   54   3.870549000000000E-09  0
xe132   132   54   4.688940000000000E-09  2
xe134   134   54   1.768537000000000E-09  2
xe136   136   54   1.459011000000000E-09  2
cs133   133   55   1.242679000000000E-09  0
ba130   130   56   1.638500000000000E-11  1
ba132   132   56   1.552665000000000E-11  1
ba134   134   56   3.781041000000000E-10  1
ba135   135   56   1.049171000000000E-09  0
ba136   136   56   1.270721000000000E-09  3
ba137   137   56   1.808165000000000E-09  0
ba138   138   56   1.175972000000000E-08  2
la138   138   57   1.446781000000000E-12  3
la139   139   57   1.597858000000000E-09  0
ce136   136   58   7.482704000000000E-12  1
ce138   138   58   1.024234000000000E-11  1
ce140   140   58   3.686810000000000E-09  0
ce142   142   58   4.707896000000000E-10  2
pr141   141   59   6.305953000000000E-10  0
nd142   142   60   8.371865000000000E-10  1
nd143   143   60   3.765982000000000E-10  0
nd144   144   60   7.566716000000000E-10  2
nd145   145   60   2.766446000000000E-10  0
nd146   146   60   5.431384000000000E-10  0
nd148   148   60   1.865666000000000E-10  2
nd150   150   60   1.847899000000000E-10  2
sm144   144   62   3.012404000000000E-11  1
sm147   147   62   1.506198000000000E-10  0
sm148   148   62   1.124159000000000E-10  1
sm149   149   62   1.392390000000000E-10  0
sm150   150   62   7.527796000000000E-11  1
sm152   152   62   2.769685000000000E-10  2
sm154   154   62   2.388457000000000E-10  2
eu151   151   63   1.817869000000000E-10  0
eu153   153   63   2.019687000000000E-10  0
gd152   152   64   2.645030000000000E-12  1
gd154   154   64   2.938419000000000E-11  1
gd155   155   64   1.999544000000000E-10  0
gd156   156   64   2.777947000000000E-10  2
gd157   157   64   2.120828000000000E-10  0
gd158   158   64   3.461502000000000E-10  2
gd160   160   64   3.053080000000000E-10  2
tb159   159   65   2.582316000000000E-10  0
dy156   156   66   9.198806000000001E-13  1
dy158   158   66   1.582215000000000E-12  1
dy160   160   66   3.933083000000000E-11  1
dy161   161   66   3.216954000000000E-10  0
dy162   162   66   4.366515000000000E-10  2
dy163   163   66   4.293524000000000E-10  0
dy164   164   66   4.846993000000000E-10  2
ho165   165   67   3.785443000000000E-10  0
er162   162   68   1.445907000000000E-12  1
er164   164   68   1.680632000000000E-11  1
er166   166   68   3.636988000000000E-10  0
er167   167   68   2.473751000000000E-10  0
er168   168   68   2.923820000000000E-10  2
er170   170   68   1.625924000000000E-10  2
tm169   169   69   1.731944000000000E-10  0
yb168   168   70   1.306034000000000E-12  1
yb170   170   70   3.244131000000000E-11  1
yb171   171   70   1.561890000000000E-10  0
yb172   172   70   2.433234000000000E-10  0
yb173   173   70   1.814292000000000E-10  0
yb174   174   70   3.640934000000000E-10  2
yb176   176   70   1.466179000000000E-10  2
lu175   175   71   1.635713000000000E-10  0
lu176   176   71   4.744467000000000E-12  3
hf174   174   72   1.125164000000000E-12  1
hf176   176   72   3.682852000000000E-11  1
hf177   177   72   1.314166000000000E-10  0
hf178   178   72   1.954784000000000E-10  0
hf179   179   72   9.628037000000000E-11  0
hf180   180   72   2.546594000000000E-10  2
ta180   180   73   1.164024000000000E-14  3
ta181   181   73   9.735762000000000E-11  0
w180    180   74   7.515538000000000E-13  1
w182    182   74   1.662509000000000E-10  0
w183    183   74   9.186480000000000E-11  0
w184    184   74   1.974778000000000E-10  2
w186    186   74   1.820634000000000E-10  2
re185   185   75   9.287043000000000E-11  0
re187   187   75   1.708264000000000E-10  2
os184   184   76   6.390309000000000E-13  1
os186   186   76   5.131228000000000E-11  1
os187   187   76   4.097840000000000E-11  1
os188   188   76   4.414403000000000E-10  0
os189   189   76   5.335582000000000E-10  0
os190   190   76   8.699109000000000E-10  2
os192   192   76   1.361540000000000E-09  2
ir191   191   77   1.152816000000000E-09  0
ir193   193   77   1.978291000000000E-09  0
pt190   190   78   8.699177000000000E-13  1
pt192   192   78   4.830914000000000E-11  1
pt194   194   78   2.082257000000000E-09  0
pt195   195   78   2.141768000000000E-09  0
pt196   196   78   1.595859000000000E-09  2
pt198   198   78   4.649550000000000E-10  2
au197   197   79   9.665152000000000E-10  0
hg196   196   80   3.411902000000000E-12  1
hg198   198   80   2.277238000000000E-10  1
hg199   199   80   3.886870000000000E-10  0
hg200   200   80   5.269597000000000E-10  0
hg201   201   80   3.047531000000000E-10  0
hg202   202   80   7.016240000000000E-10  0
hg204   204   80   1.623267000000000E-10  2
tl203   203   81   2.743172000000000E-10  0
tl205   205   81   6.645319000000000E-10  0
pb204   204   82   3.470475000000000E-10  1
pb206   206   82   3.270616000000000E-09  0
pb207   207   82   3.603595000000000E-09  0
pb208   208   82   1.044313000000000E-08  0
bi209   209   83   7.259751000000000E-10  0
th232   232   90   2.860062000000000E-10  0
u234    234   92   2.884749000000000E-15  0
u235    235   92   3.564226000000000E-11  0
u238    238   92   1.115542000000000E-10  0
