1.487E+29 
1.487E+29 
7.045E+28 
1.496E+29 
2.985E+29 
7.847E+29 
9.131E+29 
3.144E+30
3.643E+30 
8.909E+30 
1.765E+31 
2.018E+31 
1.541E+31 
1.620E+31 
1.144E+31 
1.275E+31
1.243E+31 
1.289E+31 
1.326E+31 
1.364E+31 
1.298E+31 
1.332E+31 
1.822E+31 
1.832E+31
1.846E+31 
1.887E+31 
2.437E+31 
2.450E+31 
2.480E+31 
2.524E+31 
1.661E+31 
1.709E+31
1.674E+31 
1.685E+31 
1.702E+31 
1.710E+31 
1.725E+31 
1.731E+31 
2.752E+31 
2.807E+31
2.788E+31 
2.797E+31 
1.712E+31 
1.705E+31 
1.695E+31 
1.696E+31 
1.707E+31 
1.706E+31
1.707E+31 
1.705E+31 
2.957E+31 
2.970E+31 
2.959E+31 
2.948E+31 
1.734E+31 
1.724E+31
1.711E+31 
1.706E+31 
1.718E+31 
1.711E+31 
1.706E+31 
1.700E+31 
2.593E+31 
2.553E+31
2.559E+31 
2.541E+31 
2.563E+31 
2.543E+31 
2.539E+31 
2.518E+31 
3.131E+31 
3.076E+31
3.093E+31 
3.054E+31 
3.088E+31 
3.046E+31 
3.058E+31 
3.014E+31 
1.750E+31 
1.730E+31
1.709E+31 
1.694E+31 
1.725E+31 
1.707E+31 
1.691E+31 
1.674E+31 
1.907E+31 
1.881E+31
1.889E+31 
1.866E+31 
1.876E+31 
1.851E+31 
1.862E+31 
1.837E+31 
3.138E+31 
3.029E+31
3.143E+31 
3.028E+31 
3.041E+31 
2.927E+31 
1.548E+31 
1.524E+31 
1.506E+31 
1.483E+31
1.679E+31 
1.646E+31 
1.690E+31 
1.658E+31 
1.698E+31 
1.664E+31 
1.718E+31 
1.680E+31
1.795E+31 
1.751E+31 
1.838E+31 
1.765E+31 
1.816E+31 
1.750E+31 
1.839E+31 
1.794E+31
1.319E+31 
1.282E+31 
1.326E+31 
1.279E+31 
1.330E+31 
1.295E+31 
1.339E+31 
1.314E+31
1.261E+31 
1.239E+31 
1.279E+31 
1.471E+31 
1.261E+31 
1.261E+31 
1.290E+31 
1.304E+31
1.507E+31 
1.543E+31 
1.551E+31 
1.600E+31 
1.504E+31 
1.552E+31 
1.556E+31 
1.606E+31
1.581E+31 
1.634E+31 
1.633E+31 
1.686E+31 
1.579E+31 
1.630E+31 
8.289E+30 
7.987E+30
8.606E+30 
4.202E+30 
3.987E+30 
2.894E+30 
3.279E+30 
2.433E+30 
2.244E+30 
1.534E+30
1.185E+30 
8.326E+29 
9.364E+29 
4.724E+29 
4.292E+29 
2.480E+29 
1.953E+29 
1.446E+29
5.728E+28 
7.041E+28 
5.052E+28 
3.620E+28 
2.387E+28 
2.029E+28 
1.094E+28 
8.155E+27
6.763E+27 
6.365E+27
